1 1 1 2 0 4 0 0 2699 Сулоев Кирилл Ильич 89535649636 kisuloev@icloud.com 19 9 2024 3 11097
1 1 0 0 0 0 5 0 3000 Раду Максим Алексеевич 89340538641 Radoo 20 7 2024 6 19000
1 4 1 2 0 0 0 6 10000 Воробьев Кирилл Алексеевич 89450328561 VorobevK14@gmail.com 29 7 2024 5 53000
1 1 1 0 3 0 0 6 3000 Цугунян Юрий Артурович 89540274031 TsugunyanYAA@yandex.ru 17 10 2024 6 21000
2 2 0 2 0 4 0 6 4000 Тимербаев Алмас Айратович 89103100952 AalmasTim@yandex.ru 15 6 2024 2 11000
2 3 0 2 3 0 0 6 7500 Николаев Артем Сергеевич 89053950618 nikArt54@gmail.com 9 5 2024 5 40500
2 2 1 2 0 0 0 6 4499 Сулоев Егор Ильич 89435932640 IlichEgor54@icloud.com 9 5 2024 3 16497
2 3 0 0 0 4 0 6 3999 Шимановская Анна Павловна 89540340714 AnnaShiman@mail.ru 13 6 2024 3 13997
3 3 1 0 3 4 0 0 499 Сахабиев Станислав Олегович 89503345235 аывриаш 8 5 2024 10 7990
3 4 1 0 0 4 0 6 3500 Иванов Никита Сергеевич 89505406826 Ivanov@mail.ru 1 1 2024 4 17000
3 2 1 2 3 4 0 0 4500 Шпагин Артемий Николаевич 89543051840 ShpagaBox@gmail.com 15 3 2025 8 40000
3 4 0 0 0 0 0 0 10000 Амеличева Кира Александровна 89621786245 Amelicheva@bmstu.ru 1 6 2024 5 50000
4 4 1 2 3 4 5 6 100000 Степина Елизавета Владимировна 89549784632 SElizaveta8534@gmail.com 23 9 2024 10 1006000
4 1 0 2 0 0 0 0 2500 Птичкин Дмитрий Иванович 89503453603 PtichkiKrutie@yandex.ru 30 8 2024 5 13500
5 4 1 0 3 0 5 0 5500 Заббаров Денис Русланович 89314850417 lakador@gmail.com 12 12 2024 5 27500
5 1 0 0 3 0 0 0 3000 Михайлов Артур Артемович 89543926492 arturmiha@mail.ru 15 8 2024 4 13000
