2 1 0 0 0 4 0 6 3200 Шимановская Анна Павловна 89532154072 AnnaShiman@gmail.com 6 5 2024 4 22200
2 3 0 2 3 0 0 6 4500 Николаев Артем Сергеевич 89346357041 nikArt@gmail.com 31 5 2024 5 34750
3 4 0 0 0 0 0 0 12000 Амеличева Кира Александровна 89621786245 Amelicheva@bmstu.ru 1 6 2024 5 60000
2 1 1 2 0 0 0 6 3200 Сулоев Егор Ильич 89054385631 IlichEgor54@icloud.com 5 6 2024 4 25000
2 2 0 2 0 4 0 6 3700 Тимербаев Алмас Айратович 89345350347 AalmasTim@yandex.ru 15 6 2024 2 15100
1 2 0 0 0 0 5 0 4700 Раду Максим Алексеевич 89503458624 Radoo@mail.ru 20 7 2024 6 32400
1 4 1 2 0 0 0 6 7300 Воробьев Кирилл Алексеевич 89530634056 VorobevK@gmail.com 29 7 2024 3 31050
3 4 1 0 0 4 0 6 12000 Иванов Никита Сергеевич 89531459431 Ivanov@mail.ru 29 8 2024 4 62200
4 1 0 2 0 0 0 0 5400 Птичкин Дмитрий Иванович 89145340562 PtichkiKrutie@mail.ru 30 8 2024 5 34500
3 3 1 0 3 4 0 0 6000 Сахабиев Станислав Олегович 89503140512 stassah22@gmail.com 9 9 2024 5 49000
5 1 0 0 3 0 0 0 4000 Михайлов Артур Артемович 89053462051 - 15 9 2024 4 18400
1 1 1 2 0 4 0 0 3400 Сулоев Кирилл Ильич 89650458375 kisuloev@icloud.com 19 9 2024 3 24300
4 4 1 2 3 4 5 6 10000 Степина Елизавета Владимировна 89546573451 SElizaveta8534@gmail.com 23 9 2024 10 163500
1 1 1 0 3 0 0 6 3400 Цугунян Юрий Артурович 89094593275 TsuYuAr@yandex.ru 17 10 2024 6 33300
5 4 0 2 0 0 5 6 7700 Заббаров Денис Русланович 895135634562 lakador3@gmail.com 12 12 2024 6 61500
3 1 1 2 3 4 0 6 3700 Шпагин Артемий Николаевич 89540612589 ShpagaBox@yandex.ru 15 12 2024 8 74800
